.Random.seed <-
c(403L, 305L, 1849956305L, -1803272832L, -2055368610L, 1581744041L, 
187254363L, 639973994L, -76364020L, -1621757617L, -1315116539L, 
192501948L, 1882263954L, -598324595L, 1633982663L, -586723922L, 
-1445496824L, -2015032309L, -533296919L, 1842997176L, -1241939866L, 
1243730177L, -1554380909L, -1711065022L, 42258420L, -615773705L, 
2006760941L, -1602285948L, 1979797674L, -798482923L, -1486388561L, 
1662810294L, 1720817376L, -2073253341L, 467129665L, 1944602672L, 
2078700110L, 1415476921L, -796339509L, -329473158L, -140807556L, 
287336127L, 950628245L, -72579156L, 1053005186L, 450296669L, 
1124947543L, 617121086L, 700732792L, -461167013L, -1039388231L, 
747901960L, -156152138L, -1782366735L, -817171421L, -219927438L, 
232500932L, -1566472057L, 70929501L, -1835314604L, -813430662L, 
-354612283L, 889478431L, -932688730L, -1776157136L, 1325155539L, 
-605410575L, 959814176L, -215868226L, -1198274359L, -326501765L, 
209637450L, -1347223380L, -1470761041L, -2020899995L, -103991012L, 
-1181105806L, 1224917485L, 882435623L, -1581021618L, 161000104L, 
-1286248277L, 850842057L, -666616360L, 1654221958L, -1436200607L, 
472724723L, -2130322590L, 1336088020L, 1124868311L, -1444605235L, 
-422612380L, -578893750L, -445334091L, 98746639L, 1795890710L, 
768243904L, -2087448957L, -816747871L, 360512656L, -301607058L, 
-1086541543L, 1865486763L, -710611046L, 1542365020L, 1531506271L, 
1512480309L, -1232626228L, -523174622L, -796334211L, -582894473L, 
2079449502L, -1178445736L, -875059781L, -590443687L, -872539928L, 
-841369322L, 962448017L, 450144067L, -525503918L, 1225102564L, 
1820352295L, 171334525L, -272654732L, -1552424870L, 250476709L, 
-1421317441L, -1390145210L, -661813296L, 110637555L, 280845585L, 
-1786865344L, -1814075106L, 866913769L, 171999003L, -2106922710L, 
1668670028L, 76865039L, 131838277L, 1119877884L, 1198920018L, 
388921037L, 822996615L, -1703241362L, 1911591752L, 345507659L, 
1657507497L, 1943696376L, 600927014L, 2054552641L, -977891885L, 
-1202135166L, 917033908L, 1896459063L, -1781896659L, 472435524L, 
-968630166L, -925041963L, 25044079L, -18915978L, 88164000L, 704922467L, 
-911906815L, 1341313904L, 1596693262L, -1727539847L, -1545801461L, 
1366340154L, -117937860L, 481781375L, -506794539L, 1844978668L, 
1170224450L, -30020963L, 1853998871L, 865838718L, 1085539896L, 
-302743269L, 1964729977L, 448815816L, 1443443446L, 638253873L, 
473942883L, 1053303090L, 1182376580L, 441683655L, -2075060835L, 
1465237780L, -447303750L, -588961275L, 608017375L, -1448668570L, 
11406832L, 35445523L, 1534125233L, -1555433632L, -1166879490L, 
-1548684151L, -1797966917L, 47848842L, 1857027180L, 1370789359L, 
1115205157L, 735832796L, 2077163698L, 771806125L, 289261415L, 
1699542158L, -1182338712L, 1920692587L, 1992786697L, -1896221288L, 
1777403078L, 1356742177L, 2065948339L, -1245494238L, -1526432236L, 
2057024151L, 743468173L, 1203478948L, -1885287542L, 1834969077L, 
1044686415L, -1980309162L, -1785975808L, -1899764413L, -647968543L, 
848831056L, -616071506L, 1191711906L, 1022498632L, -281967092L, 
-1792162084L, 931176530L, -1511448448L, -316390572L, 168113128L, 
-494886150L, -1809084592L, 1692717100L, 1318990196L, 532593298L, 
1322201696L, -1674818420L, 783973728L, -857325342L, -1313675096L, 
-1802231092L, -341932548L, -962332750L, 1232895984L, 1938554308L, 
1117985112L, 713887098L, 1691266480L, 1898068412L, 631761492L, 
-1714684478L, -938255584L, 591707068L, 1899684944L, 1115351010L, 
-419026072L, 1442494284L, -447079684L, -963390734L, 1737425152L, 
-73489292L, -893773304L, 687739322L, 654531024L, 1217852396L, 
-1126508652L, 1304032466L, -391393184L, 1850444108L, 85880608L, 
-1519979902L, -1975520792L, -521161748L, 914619964L, -1012637070L, 
619571056L, 1586250020L, 1607487032L, 312311194L, 1487082960L, 
-576376388L, 495315604L, 151017090L, 504478144L, -1244053700L, 
-1493645680L, -1944530142L, -567677432L, -88353012L, 715743132L, 
-2042640366L, -207039616L, -852361452L, 2026264872L, -1215182790L, 
1183098832L, -1509580180L, -194276300L, 882171026L, 464520544L, 
1453715788L, 401404384L, 2100922274L, 316288936L, 436984972L, 
52206524L, 1413374066L, 1598772208L, 1405587524L, -959196072L, 
-489727942L, 1583632496L, -1941788100L, 2091703060L, 1568435906L, 
-2016502048L, 488723580L, 281600208L, -1548209246L, -1525669336L, 
-1016398580L, 398060476L, 1630956850L, 357029056L, 416587316L, 
-894617912L, 1184247482L, 210536592L, -33142036L, 412414548L, 
-1028827502L, -1586238688L, -500306996L, 746210528L, -1111225662L, 
1835991080L, -1368587348L, -1615101252L, 1461751282L, 1153953328L, 
1504012196L, -2047482440L, 1037084506L, 1281083536L, -19463300L, 
-547251436L, -1883242174L, 1855714048L, -1642727492L, -375192752L, 
400624930L, 692577864L, -208173044L, -998729636L, 333095378L, 
1719648768L, 786643284L, -73808664L, 566041850L, -1082286384L, 
524711212L, -159508236L, 1886346642L, 1363431776L, 1667395596L, 
-167852320L, 526633570L, -1696946520L, 1788900940L, -939416708L, 
-1632922318L, 1747007088L, 483519300L, -873999400L, -706531462L, 
-1144485328L, -1606853700L, 377225812L, 884171842L, 639385760L, 
833473212L, -1012306480L, -172837022L, -1574794520L, 569996492L, 
1960295932L, -1893684750L, -404167040L, -268573196L, -1042271608L, 
-498946246L, -1232982192L, 1399916L, 207082900L, 1408783442L, 
-1870038560L, 245820620L, 1391769760L, 1479539074L, -50984728L, 
1736108780L, -1395321540L, 1847972978L, -162583440L, 471921700L, 
-87343048L, -1452526822L, -1255226160L, -710720708L, 1536864148L, 
205830018L, 201956800L, 24998460L, -390932080L, 513335842L, 1945435400L, 
-1043627380L, 1777878812L, -110962542L, -978073216L, 1147005460L, 
-842779864L, 303685178L, -234618416L, 205440364L, -1366434892L, 
1644186642L, -812197408L, -1227015220L, -1424205600L, 1807487010L, 
577260840L, 278523404L, -1100166340L, 542434290L, 621981424L, 
-475450812L, -765120936L, 1111421754L, -1294327312L, -1751204164L, 
-8762092L, 551327426L, 2048743520L, -1128962180L, 1626991568L, 
-1661465310L, -390801752L, -2064684148L, -1446182329L, 1001095697L, 
848440214L, -538591500L, -431861627L, -1428744753L, 1727545544L, 
515131750L, 1953385363L, -1819208459L, -1206426414L, 1137160992L, 
-1205228791L, 1820732475L, 1280709004L, 977676314L, 638538895L, 
-1804428327L, 972471406L, -1602248708L, 339252589L, 276156183L, 
-1859768608L, 253971646L, -645739893L, 620290317L, -1842051782L, 
2024670584L, 1904643873L, -1981462573L, -1798533388L, 2020724610L, 
-1253075433L, -865370911L, -1485305306L, -2001818844L, 1950942165L, 
266703743L, 1003542040L, -755327690L, -2009148477L, 50305541L, 
-1800281694L, -937245296L, -2128222919L, -1648193045L, -395595044L, 
1220835082L, 2137471487L, -1346490295L, 414792158L, 182665612L, 
1481227613L, 213368167L, -2038382960L, 1211613358L, -19594917L, 
1677497661L, 1633601450L, 1488224328L, -976005007L, 2044573155L, 
737669348L, -877241326L, 1968977895L, -816390223L, 1235833334L, 
726375444L, 1429930789L, -644197329L, 1999685096L, 739029702L, 
1324448627L, 2039784405L, 721513394L, -1656164992L, -707332759L, 
1830287835L, -960978644L, 1413661498L, -639828497L, 1738344569L, 
-1378741490L, 1669637852L, -1622026931L, 585615543L, -928067008L, 
-1837905122L, 2127720939L, 444308845L, 582263770L, 1127703960L, 
-1836815359L, -836235853L, -1302604588L, 110526946L, 788913271L, 
-1844772415L, 1058396998L, 2118600324L, -2067115979L, 1571143711L, 
-1390073992L, -120480170L, -190868765L, 1183634597L, 69434690L, 
441666352L, 1276669785L, -1969052469L, 2092152124L, 6218090L, 
1065757599L, 418620969L, 2142914750L, -381152852L, -54743299L, 
613128775L, -1288201936L, -215752114L, -1424373125L, 416872925L, 
1610862602L, -1084919512L, 843591569L, 260718979L, 346218116L, 
-863667022L, -1159898105L, 915064913L, 975247318L, -1144195404L, 
-690714939L, 951777295L, -1776629624L, -1810335322L, -428203693L, 
-1130081611L, -144701422L, -424752672L, -879846327L, 301296251L, 
